comment: Gauss, all mods, 100/70
667575
567014
545905
559661
562145
557477
549462
568346
565661
561343
548711
550524
546696
553619
542569
577342
550283
554571
558508
560011
548490
572063
557346
560442
549512
582241
553449
557747
552107
567434
561062
548630
566512
548630
552067
544863
547969
551195
563056
550394
553900
557105
551084
542670
547278
542129
553008
544633
560733
543992
555353
567915
547879
542850
548069
542149
562525
550173
548380
550274
559800
554060
560833
550013
583844
562585
548971
562265
550083
552968
565190
554661
544342
553939
550313
560401
548420
546807
542749
562446
543211
554040
552036
554741
558728
555793
554861
578424
556043
560732
554701
551505
550264
560241
568826
557275
567084
548360
552657
549512
55638455
100
