comment: Gauss testing, flags=0, 100 tests
108666
69937
61641
66370
71849
82910
68865
67281
72891
63515
67542
63465
65709
61641
72671
68574
66670
70538
70568
59297
71249
69145
71159
70638
70737
70868
74004
67091
67372
71199
67432
63845
70918
67452
67202
67481
57103
68394
64106
64757
67542
64336
73993
68273
63575
71079
63835
71348
67391
64736
63865
73022
70968
63715
71209
71119
70989
60409
67272
57384
71960
64166
63835
67322
67211
67272
57174
67181
64045
71429
71188
71148
67432
71028
69425
70938
67502
63264
63555
71278
70978
70247
67632
66780
71148
67672
66921
71129
71349
71248
70828
67371
70938
67622
67362
67412
66881
67141
71359
63726
6832909
100
