comment: Gauss testing, modified w/ rv=0, else to max, very heavy
73563
20688
14686
18354
14977
13915
14086
14597
18533
14576
13925
15338
14727
14666
15168
14716
14526
14406
14646
19275
14576
15197
13754
20437
14376
17452
14587
14046
14036
18663
14867
14717
14776
15578
14406
15188
14817
14857
14817
14406
15157
15648
14456
15227
15217
15328
15357
14857
15447
14547
14696
14285
18924
14607
16550
14746
15418
16741
15669
15768
15939
16570
15949
15889
17061
17071
15138
14576
15158
15007
39772
15378
18373
14867
14797
14586
15649
15188
14547
15277
14436
14997
15127
15478
15478
14647
15288
14386
15208
15077
16770
15068
15077
14536
14937
14987
15468
14987
14666
15407
1622383
100
